{
  "cells": [
    {
      "cell_type": "code",
      "execution_count": null,
      "id": "3eb099a2",
      "metadata": {
        "id": "3eb099a2"
      },
      "outputs": [],
      "source": [
        "import numpy as np\n",
        "import matplotlib.pyplot as plt\n",
        "import pandas as pd"
      ]
    },
    {
      "cell_type": "code",
      "execution_count": null,
      "id": "e989f1c3",
      "metadata": {
        "scrolled": true,
        "id": "e989f1c3"
      },
      "outputs": [],
      "source": [
        "data1 = np.loadtxt(\"E:/Astrophotonics/data/bp_mmi4x4_lxi_mpw_input0.scan_lambda.dat\")\n",
        "data2 = np.loadtxt(\"E:/Astrophotonics/data/bp_mmi4x4_lxi_mpw_input1.scan_lambda.dat\")\n",
        "data3 = np.loadtxt(\"E:/Astrophotonics/data/bp_mmi4x4_lxi_mpw_input2.scan_lambda.dat\")\n",
        "data4 = np.loadtxt(\"E:/Astrophotonics/data/bp_mmi4x4_lxi_mpw_input3.scan_lambda.dat\")"
      ]
    },
    {
      "cell_type": "code",
      "execution_count": null,
      "id": "e53e2278",
      "metadata": {
        "scrolled": false,
        "id": "e53e2278",
        "outputId": "114a00a6-4edf-4867-85c4-6363de6ba1bf"
      },
      "outputs": [
        {
          "name": "stdout",
          "output_type": "stream",
          "text": [
            "[[ 4.3300000e+02  1.5000000e+00  0.0000000e+00  2.0291662e-01\n",
            "   2.3821753e-01  1.7233237e-01  2.0872089e-01  8.2218740e-01\n",
            "   3.4715024e-03  2.9098230e-02  6.8162705e-02  4.1018767e-02\n",
            "   1.4175120e-01  0.0000000e+00  0.0000000e+00  0.0000000e+00\n",
            "   0.0000000e+00  0.0000000e+00 -6.9268239e+00 -6.2302628e+00\n",
            "  -7.6363314e+00 -6.8043409e+00 -8.5029181e-01 -2.4594825e+01\n",
            "  -1.5361334e+01 -1.1664532e+01 -1.3870174e+01 -8.4847324e+00\n",
            "  -1.0000000e+02 -1.0000000e+02 -1.0000000e+02 -1.0000000e+02\n",
            "  -1.0000000e+02  3.7597046e+01  1.7903135e+02 -2.6836752e+00\n",
            "   4.9386645e+01  0.0000000e+00  1.4143430e+02  3.1971928e+02\n",
            "   1.1789599e+01]\n",
            " [ 4.3300000e+02  1.5100000e+00  0.0000000e+00  2.1379760e-01\n",
            "   2.3791957e-01  1.9037172e-01  2.1842515e-01  8.6051405e-01\n",
            "   2.3227468e-03  3.3673128e-02  5.6945190e-02  3.7987384e-02\n",
            "   1.3092845e-01  0.0000000e+00  0.0000000e+00  0.0000000e+00\n",
            "   0.0000000e+00  0.0000000e+00 -6.6999717e+00 -6.2356983e+00\n",
            "  -7.2039757e+00 -6.6069735e+00 -6.5242036e-01 -2.6339981e+01\n",
            "  -1.4727165e+01 -1.2445430e+01 -1.4203606e+01 -8.8296597e+00\n",
            "  -1.0000000e+02 -1.0000000e+02 -1.0000000e+02 -1.0000000e+02\n",
            "  -1.0000000e+02 -4.4607706e+01  9.5299851e+01 -8.6160876e+01\n",
            "  -3.6307349e+01  0.0000000e+00  1.3990756e+02  3.1844683e+02\n",
            "   8.3003568e+00]\n",
            " [ 4.3300000e+02  1.5200000e+00  0.0000000e+00  2.2524052e-01\n",
            "   2.3822346e-01  2.0818513e-01  2.2891430e-01  9.0056340e-01\n",
            "   1.7190960e-02  5.2350929e-02  6.4489443e-02  5.3983945e-02\n",
            "   1.8801528e-01  0.0000000e+00  0.0000000e+00  0.0000000e+00\n",
            "   0.0000000e+00  0.0000000e+00 -6.4735348e+00 -6.2301547e+00\n",
            "  -6.8155030e+00 -6.4032708e+00 -4.5485706e-01 -1.7646999e+01\n",
            "  -1.2810756e+01 -1.1905114e+01 -1.2677354e+01 -7.2580686e+00\n",
            "  -1.0000000e+02 -1.0000000e+02 -1.0000000e+02 -1.0000000e+02\n",
            "  -1.0000000e+02 -1.3176959e+02  6.7786258e+00 -1.7447638e+02\n",
            "  -1.2648355e+02  0.0000000e+00  1.3854822e+02  3.1729321e+02\n",
            "   5.2860372e+00]\n",
            " [ 4.3300000e+02  1.5300000e+00  0.0000000e+00  2.3564876e-01\n",
            "   2.3837517e-01  2.2440386e-01  2.3914980e-01  9.3757759e-01\n",
            "   0.0000000e+00  0.0000000e+00  0.0000000e+00  0.0000000e+00\n",
            "   0.0000000e+00  0.0000000e+00  0.0000000e+00  0.0000000e+00\n",
            "   0.0000000e+00  0.0000000e+00 -6.2773483e+00 -6.2273899e+00\n",
            "  -6.4896968e+00 -6.2132997e+00 -2.7992782e-01 -1.0000000e+02\n",
            "  -1.0000000e+02 -1.0000000e+02 -1.0000000e+02 -1.0000000e+02\n",
            "  -1.0000000e+02 -1.0000000e+02 -1.0000000e+02 -1.0000000e+02\n",
            "  -1.0000000e+02  1.3627354e+02 -8.6510107e+01  9.2590461e+01\n",
            "   1.3897501e+02  0.0000000e+00  1.3721635e+02  3.1631692e+02\n",
            "   2.7014700e+00]\n",
            " [ 4.3300000e+02  1.5400000e+00  0.0000000e+00  2.4314247e-01\n",
            "   2.3865875e-01  2.3620286e-01  2.4680269e-01  9.6480677e-01\n",
            "   0.0000000e+00  0.0000000e+00  0.0000000e+00  0.0000000e+00\n",
            "   0.0000000e+00  0.0000000e+00  0.0000000e+00  0.0000000e+00\n",
            "   0.0000000e+00  0.0000000e+00 -6.1413917e+00 -6.2222264e+00\n",
            "  -6.2671485e+00 -6.0765011e+00 -1.5559656e-01 -1.0000000e+02\n",
            "  -1.0000000e+02 -1.0000000e+02 -1.0000000e+02 -1.0000000e+02\n",
            "  -1.0000000e+02 -1.0000000e+02 -1.0000000e+02 -1.0000000e+02\n",
            "  -1.0000000e+02  3.9518568e+01  1.7558877e+02 -4.9873694e+00\n",
            "   4.0229847e+01  0.0000000e+00  1.3607020e+02  3.1549406e+02\n",
            "   7.1127892e-01]\n",
            " [ 4.3300000e+02  1.5500000e+00  0.0000000e+00  2.4687711e-01\n",
            "   2.3752332e-01  2.4240920e-01  2.4879928e-01  9.7560891e-01\n",
            "   0.0000000e+00  0.0000000e+00  0.0000000e+00  0.0000000e+00\n",
            "   0.0000000e+00  0.0000000e+00  0.0000000e+00  0.0000000e+00\n",
            "   0.0000000e+00  0.0000000e+00 -6.0751917e+00 -6.2429375e+00\n",
            "  -6.1545090e+00 -6.0415088e+00 -1.0724240e-01 -1.0000000e+02\n",
            "  -1.0000000e+02 -1.0000000e+02 -1.0000000e+02 -1.0000000e+02\n",
            "  -1.0000000e+02 -1.0000000e+02 -1.0000000e+02 -1.0000000e+02\n",
            "  -1.0000000e+02 -6.2161553e+01  7.3238103e+01 -1.0738318e+02\n",
            "  -6.2789595e+01  0.0000000e+00  1.3539966e+02  3.1477837e+02\n",
            "   3.5937196e+02]\n",
            " [ 4.3300000e+02  1.5600000e+00  0.0000000e+00  2.4783981e-01\n",
            "   2.3417361e-01  2.4333234e-01  2.4391980e-01  9.6926557e-01\n",
            "   0.0000000e+00  0.0000000e+00  0.0000000e+00  0.0000000e+00\n",
            "   0.0000000e+00  0.0000000e+00  0.0000000e+00  0.0000000e+00\n",
            "   0.0000000e+00  0.0000000e+00 -6.0582893e+00 -6.3046204e+00\n",
            "  -6.1380016e+00 -6.1275294e+00 -1.3557212e-01 -1.0000000e+02\n",
            "  -1.0000000e+02 -1.0000000e+02 -1.0000000e+02 -1.0000000e+02\n",
            "  -1.0000000e+02 -1.0000000e+02 -1.0000000e+02 -1.0000000e+02\n",
            "  -1.0000000e+02 -1.6889234e+02 -3.3591865e+01  1.4526863e+02\n",
            "  -1.7029663e+02  0.0000000e+00  1.3530048e+02  3.1416097e+02\n",
            "   3.5859571e+02]\n",
            " [ 4.3300000e+02  1.5700000e+00  0.0000000e+00  2.4780462e-01\n",
            "   2.2853357e-01  2.4044689e-01  2.3311464e-01  9.4989972e-01\n",
            "   0.0000000e+00  0.0000000e+00  0.0000000e+00  0.0000000e+00\n",
            "   0.0000000e+00  0.0000000e+00  0.0000000e+00  0.0000000e+00\n",
            "   0.0000000e+00  0.0000000e+00 -6.0589061e+00 -6.4104999e+00\n",
            "  -6.1898083e+00 -6.3243045e+00 -2.2322240e-01 -1.0000000e+02\n",
            "  -1.0000000e+02 -1.0000000e+02 -1.0000000e+02 -1.0000000e+02\n",
            "  -1.0000000e+02 -1.0000000e+02 -1.0000000e+02 -1.0000000e+02\n",
            "  -1.0000000e+02  7.9363246e+01 -1.4496741e+02  3.2947404e+01\n",
            "   7.7489639e+01  0.0000000e+00  1.3566935e+02  3.1358416e+02\n",
            "   3.5812639e+02]\n",
            " [ 4.3300000e+02  1.5800000e+00  0.0000000e+00  2.4840920e-01\n",
            "   2.2213599e-01  2.3482577e-01  2.1815811e-01  9.2352908e-01\n",
            "   0.0000000e+00  0.0000000e+00  0.0000000e+00  0.0000000e+00\n",
            "   0.0000000e+00  0.0000000e+00  0.0000000e+00  0.0000000e+00\n",
            "   0.0000000e+00  0.0000000e+00 -6.0483232e+00 -6.5338106e+00\n",
            "  -6.2925425e+00 -6.6122864e+00 -3.4549426e-01 -1.0000000e+02\n",
            "  -1.0000000e+02 -1.0000000e+02 -1.0000000e+02 -1.0000000e+02\n",
            "  -1.0000000e+02 -1.0000000e+02 -1.0000000e+02 -1.0000000e+02\n",
            "  -1.0000000e+02 -3.7264639e+01  9.9061875e+01 -8.4245700e+01\n",
            "  -3.9420967e+01  0.0000000e+00  1.3632651e+02  3.1301894e+02\n",
            "   3.5784367e+02]\n",
            " [ 4.3300000e+02  1.5900000e+00  0.0000000e+00  2.5067961e-01\n",
            "   2.1655800e-01  2.2735349e-01  2.0014211e-01  8.9473321e-01\n",
            "   0.0000000e+00  0.0000000e+00  0.0000000e+00  0.0000000e+00\n",
            "   0.0000000e+00  0.0000000e+00  0.0000000e+00  0.0000000e+00\n",
            "   0.0000000e+00  0.0000000e+00 -6.0088099e+00 -6.6442578e+00\n",
            "  -6.4329837e+00 -6.9866152e+00 -4.8306445e-01 -1.0000000e+02\n",
            "  -1.0000000e+02 -1.0000000e+02 -1.0000000e+02 -1.0000000e+02\n",
            "  -1.0000000e+02 -1.0000000e+02 -1.0000000e+02 -1.0000000e+02\n",
            "  -1.0000000e+02 -1.5849740e+02 -2.1334270e+01  1.5368908e+02\n",
            "  -1.6109107e+02  0.0000000e+00  1.3716313e+02  3.1218648e+02\n",
            "   3.5740633e+02]\n",
            " [ 4.3300000e+02  1.6000000e+00  0.0000000e+00  2.5466809e-01\n",
            "   2.1209565e-01  2.1950468e-01  1.8070868e-01  8.6697709e-01\n",
            "   0.0000000e+00  0.0000000e+00  0.0000000e+00  0.0000000e+00\n",
            "   0.0000000e+00  0.0000000e+00  0.0000000e+00  0.0000000e+00\n",
            "   0.0000000e+00  0.0000000e+00 -5.9402548e+00 -6.7346823e+00\n",
            "  -6.5855622e+00 -7.4302099e+00 -6.1992377e-01 -1.0000000e+02\n",
            "  -1.0000000e+02 -1.0000000e+02 -1.0000000e+02 -1.0000000e+02\n",
            "  -1.0000000e+02 -1.0000000e+02 -1.0000000e+02 -1.0000000e+02\n",
            "  -1.0000000e+02  7.5870489e+01 -1.4590137e+02  2.6769136e+01\n",
            "   7.2399917e+01  0.0000000e+00  1.3822814e+02  3.1089865e+02\n",
            "   3.5652943e+02]]\n"
          ]
        }
      ],
      "source": [
        "print(data1)"
      ]
    },
    {
      "cell_type": "code",
      "execution_count": null,
      "id": "86b7f0d7",
      "metadata": {
        "id": "86b7f0d7",
        "outputId": "b6b3f928-f8f3-48d2-c4b9-9c8aa659b264"
      },
      "outputs": [
        {
          "data": {
            "text/plain": [
              "(11, 41)"
            ]
          },
          "execution_count": 323,
          "metadata": {},
          "output_type": "execute_result"
        }
      ],
      "source": [
        "np.shape(data1)"
      ]
    },
    {
      "cell_type": "code",
      "execution_count": null,
      "id": "11857f9e",
      "metadata": {
        "scrolled": false,
        "id": "11857f9e",
        "outputId": "11d38b33-1527-47e7-ecba-3b4a967cdb33"
      },
      "outputs": [
        {
          "name": "stdout",
          "output_type": "stream",
          "text": [
            "[[ 4.3300000e+02  4.3300000e+02  4.3300000e+02  4.3300000e+02\n",
            "   4.3300000e+02  4.3300000e+02  4.3300000e+02  4.3300000e+02\n",
            "   4.3300000e+02  4.3300000e+02  4.3300000e+02]\n",
            " [ 1.5000000e+00  1.5100000e+00  1.5200000e+00  1.5300000e+00\n",
            "   1.5400000e+00  1.5500000e+00  1.5600000e+00  1.5700000e+00\n",
            "   1.5800000e+00  1.5900000e+00  1.6000000e+00]\n",
            " [ 0.0000000e+00  0.0000000e+00  0.0000000e+00  0.0000000e+00\n",
            "   0.0000000e+00  0.0000000e+00  0.0000000e+00  0.0000000e+00\n",
            "   0.0000000e+00  0.0000000e+00  0.0000000e+00]\n",
            " [ 2.0291662e-01  2.1379760e-01  2.2524052e-01  2.3564876e-01\n",
            "   2.4314247e-01  2.4687711e-01  2.4783981e-01  2.4780462e-01\n",
            "   2.4840920e-01  2.5067961e-01  2.5466809e-01]\n",
            " [ 2.3821753e-01  2.3791957e-01  2.3822346e-01  2.3837517e-01\n",
            "   2.3865875e-01  2.3752332e-01  2.3417361e-01  2.2853357e-01\n",
            "   2.2213599e-01  2.1655800e-01  2.1209565e-01]\n",
            " [ 1.7233237e-01  1.9037172e-01  2.0818513e-01  2.2440386e-01\n",
            "   2.3620286e-01  2.4240920e-01  2.4333234e-01  2.4044689e-01\n",
            "   2.3482577e-01  2.2735349e-01  2.1950468e-01]\n",
            " [ 2.0872089e-01  2.1842515e-01  2.2891430e-01  2.3914980e-01\n",
            "   2.4680269e-01  2.4879928e-01  2.4391980e-01  2.3311464e-01\n",
            "   2.1815811e-01  2.0014211e-01  1.8070868e-01]\n",
            " [ 8.2218740e-01  8.6051405e-01  9.0056340e-01  9.3757759e-01\n",
            "   9.6480677e-01  9.7560891e-01  9.6926557e-01  9.4989972e-01\n",
            "   9.2352908e-01  8.9473321e-01  8.6697709e-01]\n",
            " [ 3.4715024e-03  2.3227468e-03  1.7190960e-02  0.0000000e+00\n",
            "   0.0000000e+00  0.0000000e+00  0.0000000e+00  0.0000000e+00\n",
            "   0.0000000e+00  0.0000000e+00  0.0000000e+00]\n",
            " [ 2.9098230e-02  3.3673128e-02  5.2350929e-02  0.0000000e+00\n",
            "   0.0000000e+00  0.0000000e+00  0.0000000e+00  0.0000000e+00\n",
            "   0.0000000e+00  0.0000000e+00  0.0000000e+00]\n",
            " [ 6.8162705e-02  5.6945190e-02  6.4489443e-02  0.0000000e+00\n",
            "   0.0000000e+00  0.0000000e+00  0.0000000e+00  0.0000000e+00\n",
            "   0.0000000e+00  0.0000000e+00  0.0000000e+00]\n",
            " [ 4.1018767e-02  3.7987384e-02  5.3983945e-02  0.0000000e+00\n",
            "   0.0000000e+00  0.0000000e+00  0.0000000e+00  0.0000000e+00\n",
            "   0.0000000e+00  0.0000000e+00  0.0000000e+00]\n",
            " [ 1.4175120e-01  1.3092845e-01  1.8801528e-01  0.0000000e+00\n",
            "   0.0000000e+00  0.0000000e+00  0.0000000e+00  0.0000000e+00\n",
            "   0.0000000e+00  0.0000000e+00  0.0000000e+00]\n",
            " [ 0.0000000e+00  0.0000000e+00  0.0000000e+00  0.0000000e+00\n",
            "   0.0000000e+00  0.0000000e+00  0.0000000e+00  0.0000000e+00\n",
            "   0.0000000e+00  0.0000000e+00  0.0000000e+00]\n",
            " [ 0.0000000e+00  0.0000000e+00  0.0000000e+00  0.0000000e+00\n",
            "   0.0000000e+00  0.0000000e+00  0.0000000e+00  0.0000000e+00\n",
            "   0.0000000e+00  0.0000000e+00  0.0000000e+00]\n",
            " [ 0.0000000e+00  0.0000000e+00  0.0000000e+00  0.0000000e+00\n",
            "   0.0000000e+00  0.0000000e+00  0.0000000e+00  0.0000000e+00\n",
            "   0.0000000e+00  0.0000000e+00  0.0000000e+00]\n",
            " [ 0.0000000e+00  0.0000000e+00  0.0000000e+00  0.0000000e+00\n",
            "   0.0000000e+00  0.0000000e+00  0.0000000e+00  0.0000000e+00\n",
            "   0.0000000e+00  0.0000000e+00  0.0000000e+00]\n",
            " [ 0.0000000e+00  0.0000000e+00  0.0000000e+00  0.0000000e+00\n",
            "   0.0000000e+00  0.0000000e+00  0.0000000e+00  0.0000000e+00\n",
            "   0.0000000e+00  0.0000000e+00  0.0000000e+00]\n",
            " [-6.9268239e+00 -6.6999717e+00 -6.4735348e+00 -6.2773483e+00\n",
            "  -6.1413917e+00 -6.0751917e+00 -6.0582893e+00 -6.0589061e+00\n",
            "  -6.0483232e+00 -6.0088099e+00 -5.9402548e+00]\n",
            " [-6.2302628e+00 -6.2356983e+00 -6.2301547e+00 -6.2273899e+00\n",
            "  -6.2222264e+00 -6.2429375e+00 -6.3046204e+00 -6.4104999e+00\n",
            "  -6.5338106e+00 -6.6442578e+00 -6.7346823e+00]\n",
            " [-7.6363314e+00 -7.2039757e+00 -6.8155030e+00 -6.4896968e+00\n",
            "  -6.2671485e+00 -6.1545090e+00 -6.1380016e+00 -6.1898083e+00\n",
            "  -6.2925425e+00 -6.4329837e+00 -6.5855622e+00]\n",
            " [-6.8043409e+00 -6.6069735e+00 -6.4032708e+00 -6.2132997e+00\n",
            "  -6.0765011e+00 -6.0415088e+00 -6.1275294e+00 -6.3243045e+00\n",
            "  -6.6122864e+00 -6.9866152e+00 -7.4302099e+00]\n",
            " [-8.5029181e-01 -6.5242036e-01 -4.5485706e-01 -2.7992782e-01\n",
            "  -1.5559656e-01 -1.0724240e-01 -1.3557212e-01 -2.2322240e-01\n",
            "  -3.4549426e-01 -4.8306445e-01 -6.1992377e-01]\n",
            " [-2.4594825e+01 -2.6339981e+01 -1.7646999e+01 -1.0000000e+02\n",
            "  -1.0000000e+02 -1.0000000e+02 -1.0000000e+02 -1.0000000e+02\n",
            "  -1.0000000e+02 -1.0000000e+02 -1.0000000e+02]\n",
            " [-1.5361334e+01 -1.4727165e+01 -1.2810756e+01 -1.0000000e+02\n",
            "  -1.0000000e+02 -1.0000000e+02 -1.0000000e+02 -1.0000000e+02\n",
            "  -1.0000000e+02 -1.0000000e+02 -1.0000000e+02]\n",
            " [-1.1664532e+01 -1.2445430e+01 -1.1905114e+01 -1.0000000e+02\n",
            "  -1.0000000e+02 -1.0000000e+02 -1.0000000e+02 -1.0000000e+02\n",
            "  -1.0000000e+02 -1.0000000e+02 -1.0000000e+02]\n",
            " [-1.3870174e+01 -1.4203606e+01 -1.2677354e+01 -1.0000000e+02\n",
            "  -1.0000000e+02 -1.0000000e+02 -1.0000000e+02 -1.0000000e+02\n",
            "  -1.0000000e+02 -1.0000000e+02 -1.0000000e+02]\n",
            " [-8.4847324e+00 -8.8296597e+00 -7.2580686e+00 -1.0000000e+02\n",
            "  -1.0000000e+02 -1.0000000e+02 -1.0000000e+02 -1.0000000e+02\n",
            "  -1.0000000e+02 -1.0000000e+02 -1.0000000e+02]\n",
            " [-1.0000000e+02 -1.0000000e+02 -1.0000000e+02 -1.0000000e+02\n",
            "  -1.0000000e+02 -1.0000000e+02 -1.0000000e+02 -1.0000000e+02\n",
            "  -1.0000000e+02 -1.0000000e+02 -1.0000000e+02]\n",
            " [-1.0000000e+02 -1.0000000e+02 -1.0000000e+02 -1.0000000e+02\n",
            "  -1.0000000e+02 -1.0000000e+02 -1.0000000e+02 -1.0000000e+02\n",
            "  -1.0000000e+02 -1.0000000e+02 -1.0000000e+02]\n",
            " [-1.0000000e+02 -1.0000000e+02 -1.0000000e+02 -1.0000000e+02\n",
            "  -1.0000000e+02 -1.0000000e+02 -1.0000000e+02 -1.0000000e+02\n",
            "  -1.0000000e+02 -1.0000000e+02 -1.0000000e+02]\n",
            " [-1.0000000e+02 -1.0000000e+02 -1.0000000e+02 -1.0000000e+02\n",
            "  -1.0000000e+02 -1.0000000e+02 -1.0000000e+02 -1.0000000e+02\n",
            "  -1.0000000e+02 -1.0000000e+02 -1.0000000e+02]\n",
            " [-1.0000000e+02 -1.0000000e+02 -1.0000000e+02 -1.0000000e+02\n",
            "  -1.0000000e+02 -1.0000000e+02 -1.0000000e+02 -1.0000000e+02\n",
            "  -1.0000000e+02 -1.0000000e+02 -1.0000000e+02]\n",
            " [ 3.7597046e+01 -4.4607706e+01 -1.3176959e+02  1.3627354e+02\n",
            "   3.9518568e+01 -6.2161553e+01 -1.6889234e+02  7.9363246e+01\n",
            "  -3.7264639e+01 -1.5849740e+02  7.5870489e+01]\n",
            " [ 1.7903135e+02  9.5299851e+01  6.7786258e+00 -8.6510107e+01\n",
            "   1.7558877e+02  7.3238103e+01 -3.3591865e+01 -1.4496741e+02\n",
            "   9.9061875e+01 -2.1334270e+01 -1.4590137e+02]\n",
            " [-2.6836752e+00 -8.6160876e+01 -1.7447638e+02  9.2590461e+01\n",
            "  -4.9873694e+00 -1.0738318e+02  1.4526863e+02  3.2947404e+01\n",
            "  -8.4245700e+01  1.5368908e+02  2.6769136e+01]\n",
            " [ 4.9386645e+01 -3.6307349e+01 -1.2648355e+02  1.3897501e+02\n",
            "   4.0229847e+01 -6.2789595e+01 -1.7029663e+02  7.7489639e+01\n",
            "  -3.9420967e+01 -1.6109107e+02  7.2399917e+01]\n",
            " [ 0.0000000e+00  0.0000000e+00  0.0000000e+00  0.0000000e+00\n",
            "   0.0000000e+00  0.0000000e+00  0.0000000e+00  0.0000000e+00\n",
            "   0.0000000e+00  0.0000000e+00  0.0000000e+00]\n",
            " [ 1.4143430e+02  1.3990756e+02  1.3854822e+02  1.3721635e+02\n",
            "   1.3607020e+02  1.3539966e+02  1.3530048e+02  1.3566935e+02\n",
            "   1.3632651e+02  1.3716313e+02  1.3822814e+02]\n",
            " [ 3.1971928e+02  3.1844683e+02  3.1729321e+02  3.1631692e+02\n",
            "   3.1549406e+02  3.1477837e+02  3.1416097e+02  3.1358416e+02\n",
            "   3.1301894e+02  3.1218648e+02  3.1089865e+02]\n",
            " [ 1.1789599e+01  8.3003568e+00  5.2860372e+00  2.7014700e+00\n",
            "   7.1127892e-01  3.5937196e+02  3.5859571e+02  3.5812639e+02\n",
            "   3.5784367e+02  3.5740633e+02  3.5652943e+02]]\n"
          ]
        }
      ],
      "source": [
        "data_1=np.array(data1).T\n",
        "print(data_1)"
      ]
    },
    {
      "cell_type": "code",
      "execution_count": null,
      "id": "d21118ea",
      "metadata": {
        "id": "d21118ea",
        "outputId": "6020cfcd-e9a1-4de6-b61d-7a36ac14778c"
      },
      "outputs": [
        {
          "name": "stdout",
          "output_type": "stream",
          "text": [
            "#Lmmi lambda pol E_p0_m0 E_p1_m0 E_p2_m0 E_p3_m0 Esum_m0 E_p0_m1 E_p1_m1 E_p2_m1 E_p3_m1 Esum_m1 E_p0_m2 E_p1_m2 E_p2_m2 E_p3_m2 Esum_m2 E_p0_m0dB E_p1_m0dB E_p2_m0dB E_p3_m0dB Esum_m0dB E_p0_m1dB E_p1_m1dB E_p2_m1dB E_p3_m1dB Esum_m1dB E_p0_m2dB E_p1_m2dB E_p2_m2dB E_p3_m2dB Esum_m2dB phase_p0_m0 phase_p1_m0 phase_p2_m0 phase_p3_m0 dphase_p0-p0_m0 dphase_p1-p0_m0 dphase_p2-p0_m0 dphase_p3-p0_m0 \n",
            "433 1.5 0 0.20291662 0.23821753 0.17233237 0.20872089 0.8221874 0.0034715024 0.02909823 0.068162705 0.041018767 0.1417512 0 0 0 0 0 -6.9268239 -6.2302628 -7.6363314 -6.8043409 -0.85029181 -24.594825 -15.361334 -11.664532 -13.870174 -8.4847324 -100 -100 -100 -100 -100 37.597046 179.03135 -2.6836752 49.386645 0 141.4343 319.71928 11.789599 \n",
            "433 1.51 0 0.2137976 0.23791957 0.19037172 0.21842515 0.86051405 0.0023227468 0.033673128 0.05694519 0.037987384 0.13092845 0 0 0 0 0 -6.6999717 -6.2356983 -7.2039757 -6.6069735 -0.65242036 -26.339981 -14.727165 -12.44543 -14.203606 -8.8296597 -100 -100 -100 -100 -100 -44.607706 95.299851 -86.160876 -36.307349 0 139.90756 318.44683 8.3003568 \n",
            "433 1.52 0 0.22524052 0.23822346 0.20818513 0.2289143 0.9005634 0.01719096 0.052350929 0.064489443 0.053983945 0.18801528 0 0 0 0 0 -6.4735348 -6.2301547 -6.815503 -6.4032708 -0.45485706 -17.646999 -12.810756 -11.905114 -12.677354 -7.2580686 -100 -100 -100 -100 -100 -131.76959 6.7786258 -174.47638 -126.48355 0 138.54822 317.29321 5.2860372 \n",
            "433 1.53 0 0.23564876 0.23837517 0.22440386 0.2391498 0.93757759 0 0 0 0 0 0 0 0 0 0 -6.2773483 -6.2273899 -6.4896968 -6.2132997 -0.27992782 -100 -100 -100 -100 -100 -100 -100 -100 -100 -100 136.27354 -86.510107 92.590461 138.97501 0 137.21635 316.31692 2.70147 \n",
            "433 1.54 0 0.24314247 0.23865875 0.23620286 0.24680269 0.96480677 0 0 0 0 0 0 0 0 0 0 -6.1413917 -6.2222264 -6.2671485 -6.0765011 -0.15559656 -100 -100 -100 -100 -100 -100 -100 -100 -100 -100 39.518568 175.58877 -4.9873694 40.229847 0 136.0702 315.49406 0.71127892 \n",
            "433 1.55 0 0.24687711 0.23752332 0.2424092 0.24879928 0.97560891 0 0 0 0 0 0 0 0 0 0 -6.0751917 -6.2429375 -6.154509 -6.0415088 -0.1072424 -100 -100 -100 -100 -100 -100 -100 -100 -100 -100 -62.161553 73.238103 -107.38318 -62.789595 0 135.39966 314.77837 359.37196 \n",
            "433 1.56 0 0.24783981 0.23417361 0.24333234 0.2439198 0.96926557 0 0 0 0 0 0 0 0 0 0 -6.0582893 -6.3046204 -6.1380016 -6.1275294 -0.13557212 -100 -100 -100 -100 -100 -100 -100 -100 -100 -100 -168.89234 -33.591865 145.26863 -170.29663 0 135.30048 314.16097 358.59571 \n",
            "433 1.57 0 0.24780462 0.22853357 0.24044689 0.23311464 0.94989972 0 0 0 0 0 0 0 0 0 0 -6.0589061 -6.4104999 -6.1898083 -6.3243045 -0.2232224 -100 -100 -100 -100 -100 -100 -100 -100 -100 -100 79.363246 -144.96741 32.947404 77.489639 0 135.66935 313.58416 358.12639 \n",
            "433 1.58 0 0.2484092 0.22213599 0.23482577 0.21815811 0.92352908 0 0 0 0 0 0 0 0 0 0 -6.0483232 -6.5338106 -6.2925425 -6.6122864 -0.34549426 -100 -100 -100 -100 -100 -100 -100 -100 -100 -100 -37.264639 99.061875 -84.2457 -39.420967 0 136.32651 313.01894 357.84367 \n",
            "433 1.59 0 0.25067961 0.216558 0.22735349 0.20014211 0.89473321 0 0 0 0 0 0 0 0 0 0 -6.0088099 -6.6442578 -6.4329837 -6.9866152 -0.48306445 -100 -100 -100 -100 -100 -100 -100 -100 -100 -100 -158.4974 -21.33427 153.68908 -161.09107 0 137.16313 312.18648 357.40633 \n",
            "433 1.6 0 0.25466809 0.21209565 0.21950468 0.18070868 0.86697709 0 0 0 0 0 0 0 0 0 0 -5.9402548 -6.7346823 -6.5855622 -7.4302099 -0.61992377 -100 -100 -100 -100 -100 -100 -100 -100 -100 -100 75.870489 -145.90137 26.769136 72.399917 0 138.22814 310.89865 356.52943 \n",
            "\n"
          ]
        }
      ],
      "source": [
        "'''obj = open(\"E:/Astrophotonics/data/bp_mmi4x4_lxi_mpw_input0.scan_lambda.dat\")\n",
        "content = obj.read()\n",
        "print(content)'''"
      ]
    },
    {
      "cell_type": "markdown",
      "id": "52129e0a",
      "metadata": {
        "id": "52129e0a"
      },
      "source": [
        "# For Input0"
      ]
    },
    {
      "cell_type": "code",
      "execution_count": null,
      "id": "bb1bbbb7",
      "metadata": {
        "id": "bb1bbbb7",
        "outputId": "78baf4b8-9115-4655-fc5e-70c5bfa59ae8"
      },
      "outputs": [
        {
          "name": "stdout",
          "output_type": "stream",
          "text": [
            "Lambda: \n",
            "[1.5  1.51 1.52 1.53 1.54 1.55 1.56 1.57 1.58 1.59 1.6 ]\n",
            "E_p0_m0: \n",
            "[0.20291662 0.2137976  0.22524052 0.23564876 0.24314247 0.24687711\n",
            " 0.24783981 0.24780462 0.2484092  0.25067961 0.25466809]\n",
            "E_p1_m0: \n",
            "[0.23821753 0.23791957 0.23822346 0.23837517 0.23865875 0.23752332\n",
            " 0.23417361 0.22853357 0.22213599 0.216558   0.21209565]\n",
            "E_p2_m0: \n",
            "[0.17233237 0.19037172 0.20818513 0.22440386 0.23620286 0.2424092\n",
            " 0.24333234 0.24044689 0.23482577 0.22735349 0.21950468]\n",
            "E_p3_m0: \n",
            "[0.20872089 0.21842515 0.2289143  0.2391498  0.24680269 0.24879928\n",
            " 0.2439198  0.23311464 0.21815811 0.20014211 0.18070868]\n",
            "Esum_m0: \n",
            "[0.8221874  0.86051405 0.9005634  0.93757759 0.96480677 0.97560891\n",
            " 0.96926557 0.94989972 0.92352908 0.89473321 0.86697709]\n"
          ]
        }
      ],
      "source": [
        "#lambda and power(p0, p1, p2, p3)\n",
        "#input0\n",
        "print(\"Lambda: \")\n",
        "print(data1[:,1])\n",
        "print(\"E_p0_m0: \")\n",
        "print(data1[:,3])\n",
        "print(\"E_p1_m0: \")\n",
        "print(data1[:,4])\n",
        "print(\"E_p2_m0: \")\n",
        "print(data1[:,5])\n",
        "print(\"E_p3_m0: \")\n",
        "print(data1[:,6])\n",
        "print(\"Esum_m0: \")\n",
        "print(data1[:,7])"
      ]
    },
    {
      "cell_type": "code",
      "execution_count": null,
      "id": "3fa9653b",
      "metadata": {
        "id": "3fa9653b",
        "outputId": "df036a4e-01c0-4a10-e15e-78a3bcbdc205"
      },
      "outputs": [
        {
          "name": "stdout",
          "output_type": "stream",
          "text": [
            "dphase_p0-p0_m0: \n",
            "[0. 0. 0. 0. 0. 0. 0. 0. 0. 0. 0.]\n",
            "dphase_p1-p0_m0: \n",
            "[141.4343  139.90756 138.54822 137.21635 136.0702  135.39966 135.30048\n",
            " 135.66935 136.32651 137.16313 138.22814]\n",
            "dphase_p2-p0_m0: \n",
            "[319.71928 318.44683 317.29321 316.31692 315.49406 314.77837 314.16097\n",
            " 313.58416 313.01894 312.18648 310.89865]\n",
            "dphase_p3-p0_m0: \n",
            "[ 11.789599     8.3003568    5.2860372    2.70147      0.71127892\n",
            " 359.37196    358.59571    358.12639    357.84367    357.40633\n",
            " 356.52943   ]\n"
          ]
        }
      ],
      "source": [
        "#Relative phase(in degree) of the light in four outputs as function of lambda\n",
        "#input0\n",
        "print(\"dphase_p0-p0_m0: \")\n",
        "print(data1[:,37])\n",
        "print(\"dphase_p1-p0_m0: \")\n",
        "print(data1[:,38])\n",
        "print(\"dphase_p2-p0_m0: \")\n",
        "print(data1[:,39])\n",
        "print(\"dphase_p3-p0_m0: \")\n",
        "print(data1[:,40])"
      ]
    },
    {
      "cell_type": "code",
      "execution_count": null,
      "id": "e5d489e3",
      "metadata": {
        "id": "e5d489e3",
        "outputId": "dae47641-b3db-45e4-b978-fb232561dc10"
      },
      "outputs": [
        {
          "data": {
